76
1 22 22
2 36 26
3 21 45
4 45 35
5 55 20
6 33 34
7 50 50
8 55 45
9 26 59
10 40 66
11 55 65
12 35 51
13 62 35
14 62 57
15 62 24
16 21 36
17 33 44
18 9 56
19 62 48
20 66 14
21 44 13
22 26 13
23 11 28
24 7 43
25 17 64
26 41 46
27 55 34
28 35 16
29 52 26
30 43 26
31 31 76
32 22 53
33 26 29
34 50 40
35 55 50
36 54 10
37 60 15
38 47 66
39 30 60
40 30 50
41 12 17
42 15 14
43 16 19
44 21 48
45 50 30
46 51 42
47 50 15
48 48 21
49 12 38
50 15 56
51 29 39
52 54 38
53 55 57
54 67 41
55 10 70
56 6 25
57 65 27
58 40 60
59 70 64
60 64 4
61 36 6
62 30 20
63 20 30
64 15 5
65 50 70
66 57 72
67 45 42
68 38 33
69 50 4
70 66 8
71 59 5
72 35 60
73 27 24
74 40 20
75 40 37
76 40 40


70
  3  32   3  30   6  28   7  24  21  24  25  24  24  14  20   9  18  13  14  16
  5   8  13   2  27   3  31  15  40  17  45  19  47  12  46  12  43   9  43   6
 53   2  54   6  69   9  67  12  57  12  56  14  52  19  51  21  58  24  52  26
 47  33  45  34  42  36  47  36  49  41  49  44  44  43  42  50  45  50  55  53
 65  47  69  51  70  52  69  63  63  61  56  66  49  67  47  66  48  64  41  60
 38  63  34  69  21  69  19  69  16  60  12  57   8  59   6  55  20  52  31  54
 29  46  31  34  26  38  19  40  18  33  13  35  13  40   8  44   7  41   2  37

76
 12  17  16  19  15  14  15   5  26  13  36   6  35  16  30  20  27  24  22  22
 20  30  26  29  33  34  40  40  40  37  38  33  36  26  40  20  43  26  48  21
 50  15  44  13  50   4  54  10  59   5  64   4  66   8  66  14  60  15  55  20
 62  24  65  27  62  35  67  41  62  48  62  57  70  64  57  72  50  70  47  66
 55  65  55  57  50  50  55  50  55  45  51  42  50  40  54  38  55  34  52  26
 50  30  45  35  45  42  41  46  35  51  30  50  33  44  29  39  21  36  21  45
 21  48  22  53  26  59  30  60  35  60  40  60  40  66  31  76  10  70  17  64
 15  56   9  56   7  43  12  38  11  28   6  25




51
17	63	16	57	25	55	21	47	30	48	30	40	32	39	31	32	25	32	17	33
20	26	27	23	32	22	40	30	45	35	52	41	49	49	42	41	38	46	37	52
42	57	31	62	27	68	37	69	43	67	52	64	63	69	62	63	57	58	58	48
62	42	56	37	61	33	58	27	52	33	48	28	51	21	59	15	46	10	39	10
36	16	30	15	21	10	13	13	5	6	10	17	5	25	7	38	12	42	8	52
5	64																		

51
1 37 52
2 49 49
3 52 64
4 20 26
5 40 30
6 21 47
7 17 63
8 31 62
9 52 33
10 51 21
11 42 41
12 31 32
13 5 25
14 12 42
15 36 16
16 52 41
17 27 23
18 17 33
19 13 13
20 57 58
21 62 42
22 42 57
23 16 57
24 8 52
25 7 38
26 27 68
27 30 48
28 43 67
29 58 48
30 58 27
31 37 69
32 38 46
33 46 10
34 61 33
35 62 63
36 63 69
37 32 22
38 45 35
39 59 15
40 5 6
41 10 17
42 21 10
43 5 64
44 30 15
45 39 10
46 32 39
47 25 32
48 25 55
49 48 28
50 56 37
51 30 40

96
 1 14.55 -23.31
 2 28.06 -15.24
 3 32.38 -16.54
 4 31.38 -8.00
 5 33.39 -7.35
 6 34.02 -6.51
 7 34.05 -4.57
 8 35.48 -5.45
 9 35.43 -0.43
 10 36.47 3.03
 11 22.56 5.30
 12 36.22 6.37
 13 36.48 10.11
 14 34.44 10.46
 15 32.54 13.11
 16 32.07 20.04
 17 31.12 29.54
 18 31.16 32.18
 19 29.58 32.33
 20 30.03 31.15
 21 24.05 32.53
 22 19.37 37.14
 23 15.36 32.32
 24 13.11 30.13
 25 13.38 25.21
 26 15.20 38.53
 27 9.00 38.50
 28 11.36 43.09
 29 18.06 -15.57
 30 14.40 -17.26
 31 13.28 -16.39
 32 11.51 -15.35
 33 16.46 -3.01
 34 12.39 -8.00
 35 10.23 -9.18
 36 9.31 -13.43
 37 8.30 -13.15
 38 6.18 -10.47
 39 5.19 -4.02
 40 6.41 -1.35
 41 5.33 -0.13
 42 6.08 1.13
 43 6.29 2.37
 44 12.22 -1.31
 45 13.31 2.07
 46 12.00 8.30
 47 11.51 13.10
 48 12.07 15.03
 49 6.27 3.24
 50 6.27 7.27
 51 0.20 6.44
 52 3.45 8.47
 53 3.52 11.31
 54 4.22 18.35
 55 0.23 9.27
 56 -4.16 15.17
 57 -4.18 15.18
 58 0.04 18.16
 59 -5.54 22.25
 60 0.30 25.12
 61 -3.23 29.22
 62 -1.57 30.04
 63 0.19 32.25
 64 -1.17 36.49
 65 2.01 45.20
 66 -4.03 39.40
 67 -6.10 39.11
 68 -6.48 39.17
 69 -8.48 13.14
 70 -12.44 15.47
 71 -11.40 27.28
 72 -12.49 28.13
 73 -15.25 28.17
 74 -20.09 28.36
 75 -17.50 31.03
 76 -15.47 35.00
 77 -19.49 34.52
 78 -25.58 32.35
 79 -15.57 -5.42
 80 -37.15 -12.30
 81 -22.59 14.31
 82 -22.34 17.06
 83 -26.38 15.10
 84 -24.45 25.55
 85 -25.45 28.10
 86 -26.15 28.00
 87 -29.12 26.07
 88 -29.55 30.56
 89 -33.00 27.55
 90 -33.58 25.40
 91 -33.55 18.22
 92 -23.21 43.40
 93 -18.55 47.31
 94 -12.16 49.17
 95 -20.10 57.30
 96 -4.38 55.27


70
13	40
13	2
69	51
43	9
21	69
26	38
3	32
31	15
47	12
41	60
52	26
6	28
57	12
51	21
7	41
45	34
3	30
56	14
8	59
49	67
52	19
31	34
69	9
27	3
29	46
47	36
47	66
21	24
7	24
46	12
49	41
25	24
56	66
18	33
58	24
70	52
16	60
53	2
24	14
47	33
42	36
34	69
49	44
18	13
38	63
31	54
43	6
14	16
45	50
8	44
48	64
69	63
45	19
63	61
42	50
12	57
55	53
6	55
19	40
67	12
54	6
44	43
20	52
40	17
19	69
2	37
20	9
13	35
65	47
5	8



